      3.14000000e+00       2.71800000e+00       1.61800000e+00       4.66900000e+00 
      5.77000000e-01       1.41400000e+00       2.23600000e+00       1.73200000e+00 
      2.30200000e+00       6.93000000e-01       5.55000000e+00       7.89000000e+00 
      1.23000000e-01       6.78900000e+00       9.87600000e+00       2.34500000e+00 
      8.76500000e+00       4.32100000e+00       1.11100000e+00       3.33300000e+00 
      2.22200000e+00       9.99000000e-01       5.67800000e+00       4.56700000e+00 
      1.23400000e+00       9.99900000e+00       8.88800000e+00       6.66600000e+00 
      7.77700000e+00       3.14100000e+00       2.71800000e+00       1.61800000e+00 
      4.66900000e+00       5.77000000e-01       1.41400000e+00       2.23600000e+00 
      1.73200000e+00       2.30200000e+00       6.93000000e-01       5.55000000e+00 
      7.89000000e+00       1.23000000e-01       6.78900000e+00       9.87600000e+00 
      2.34500000e+00       8.76500000e+00       4.32100000e+00       1.11100000e+00 
      3.33300000e+00       2.22200000e+00       9.99000000e-01       5.67800000e+00 
      4.56700000e+00       1.23400000e+00       9.99900000e+00       8.88800000e+00 
      6.66600000e+00       7.77700000e+00       3.14100000e+00       2.71800000e+00 
      1.61800000e+00       4.66900000e+00       5.77000000e-01       1.41400000e+00 
      2.23600000e+00       1.73200000e+00       2.30200000e+00       6.93000000e-01 
      5.55000000e+00       7.89000000e+00       1.23000000e-01       6.78900000e+00 
      9.87600000e+00       2.34500000e+00       8.76500000e+00       4.32100000e+00 
      1.11100000e+00       3.33300000e+00       2.22200000e+00       9.99000000e-01 
      5.67800000e+00       4.56700000e+00       1.23400000e+00       9.99900000e+00 
      8.88800000e+00       6.66600000e+00       7.77700000e+00       3.14100000e+00 
      2.71800000e+00       1.61800000e+00       4.66900000e+00       5.77000000e-01 
      1.41400000e+00       2.23600000e+00       1.73200000e+00       2.30200000e+00 
      6.93000000e-01       5.55000000e+00       7.89000000e+00       1.23000000e-01 
      6.78900000e+00       9.87600000e+00       2.34500000e+00       8.76500000e+00 
      4.32100000e+00       1.11100000e+00       3.33300000e+00       2.22200000e+00 
      9.99000000e-01       5.67800000e+00       4.56700000e+00       1.23400000e+00 
      9.99900000e+00       8.88800000e+00       6.66600000e+00       7.77700000e+00