     2.46420000e+001     2.68760000e+001     8.35250000e+001     2.89300000e+001     2.80030000e+001
     1.18160000e+001     9.27400000e+001     5.69150000e+001     8.61490000e+001
     1.04050000e+001     9.43660000e+001     6.93390000e+001     8.31740000e+001
     7.22120000e+001     7.13990000e+001     4.70890000e+001     1.13190000e+001
     1.06810000e+001     6.07210000e+001     6.49840000e+001     2.01388000e+001
     4.26000000e-001     8.87226000e+001     2.48736000e+000     9.51791900e+001
     1.65304600e+001     8.77608000e+000     9.61834400e+001     3.51439200e+001
     1.07884000e+000     7.00600700e+001     3.99348600e+001     9.21345100e+001
     9.00935000e+001     9.37134400e+001     5.87280400e+001     4.13656100e+001
     5.58874900e+001     2.03888000e+001     4.27382300e+001     2.97000000e+001
     2.40000000e+001     1.29000000e+001     2.31000000e+001     1.54000000e+001
     7.30000000e+000     5.04000000e+001     9.20000000e+000     9.40000000e+000
     7.59000000e+001     5.46000000e+001     3.26000000e+001     7.12000000e+001
     4.72000000e+001     9.00000000e+000