1 102.242
12 -112.416
2 71.7186
23 7.76655
20 -178.615
13 -196.921
10 -33.0056
17 172.175
21 -163.214
16 80.4762
22 -95.0188
2 -68.7063
16 196.415
9 193.02
18 60.6074
2 153.883
7 106.598
12 -90.0373
9 -5.39305
22 -175.774
22 6.51679
8 -2.40933
7 179.106
2 -46.3431
7 11.899
12 -179.966
19 131.127
4 75.3821
21 94.4898
18 155.429
6 -59.5939
13 138.393
10 -92.2731
10 -12.8331
7 -138.512
14 -186.778
13 182.144
18 156.295
15 -136.093
6 -147.829
3 -198.8
10 83.9278
23 -127.642
8 60.8235
4 -45.6741
10 -140.987
15 36.0434
23 -140.739
24 -143.272
14 -4.59418
